10 10
0 0 0 3 12 3 0 0 0 0 0 10 12 1 0 0 0 0 4 13 5 3 3 0 0 1 11 9 2 10 5 0 0 6 14 7 8 14 4 0 0 10 14 13 15 14 2 0 0 3 5 6 14 8 0 0 0 0 0 4 13 4 0 0 
0 0 0 4 12 3 0 0 0 0 0 10 12 1 0 0 0 0 4 13 5 2 1 0 0 1 11 10 2 7 3 0 0 5 14 7 8 12 4 0 0 8 14 13 14 14 3 0 0 3 6 9 14 9 2 0 0 0 0 4 13 6 1 0 
0 0 0 7 12 2 0 0 0 0 3 13 10 1 0 0 0 0 8 12 3 0 0 0 0 1 12 9 1 2 0 0 0 2 14 9 8 7 2 0 0 3 14 13 13 13 6 0 0 1 8 13 10 11 8 1 0 0 0 7 14 11 5 0 
0 0 0 9 10 1 0 0 0 0 6 14 7 1 0 0 0 0 12 10 0 0 0 0 0 1 13 6 1 0 0 0 0 2 14 10 10 6 1 0 0 1 14 13 10 12 7 0 0 0 9 13 6 10 11 1 0 0 0 9 14 13 6 0 
0 0 2 11 7 1 0 0 0 0 8 13 4 0 0 0 0 1 13 7 0 0 0 0 0 2 14 5 2 1 0 0 0 3 14 11 12 9 2 0 0 2 15 11 6 10 9 0 0 0 11 12 5 10 11 0 0 0 2 10 14 13 5 0 
0 0 4 11 5 0 0 0 0 0 11 11 2 0 0 0 0 2 14 5 0 0 0 0 0 3 14 4 3 2 0 0 0 4 14 11 12 11 3 0 0 3 15 9 4 9 10 0 0 1 12 11 5 11 10 0 0 0 4 12 14 11 3 0 
0 0 4 12 7 1 0 0 0 1 12 11 6 5 0 0 0 3 14 3 1 7 1 0 0 4 13 3 2 6 3 0 0 5 12 6 6 9 6 0 0 3 14 5 2 8 9 0 0 0 12 9 6 13 7 0 0 0 4 13 14 9 1 0 
0 0 4 13 10 2 0 0 0 1 13 12 10 9 0 0 0 4 14 3 2 12 2 0 0 5 12 1 0 8 6 0 0 5 11 1 0 7 7 0 0 3 13 1 0 8 8 0 0 0 12 9 7 14 4 0 0 0 4 13 14 8 0 0 
0 0 4 13 10 1 0 0 0 1 13 13 12 9 0 0 0 4 14 4 3 13 2 0 0 5 12 1 0 9 6 0 0 5 11 0 0 8 7 0 0 3 13 1 0 11 6 0 0 0 13 10 10 14 2 0 0 0 4 13 13 6 0 0 
0 0 5 12 9 1 0 0 0 0 12 13 13 10 0 0 0 2 14 6 4 13 2 0 0 4 13 2 0 10 5 0 0 4 12 1 0 10 6 0 0 3 13 1 2 13 5 0 0 0 13 11 12 13 1 0 0 0 5 13 12 3 0 0 
0 0 0 5 12 2 0 0 0 0 1 12 9 1 2 0 0 0 7 12 3 5 5 0 0 3 13 7 3 11 6 0 0 8 14 9 11 15 5 0 0 7 11 12 15 12 2 0 0 1 2 5 14 6 0 0 0 0 0 6 12 2 0 0 
0 0 0 5 12 2 0 0 0 0 1 11 10 2 1 0 0 0 7 13 4 4 3 0 0 2 12 9 4 9 4 0 0 6 14 9 10 13 4 0 0 6 11 11 14 13 3 0 0 1 3 7 14 7 1 0 0 0 0 5 13 4 0 0 
0 0 0 7 12 3 0 0 0 0 3 13 10 2 0 0 0 0 9 12 3 2 1 0 0 1 12 9 3 4 1 0 0 3 13 10 10 9 2 0 0 2 12 11 11 12 6 0 0 1 6 11 10 9 7 0 0 0 0 6 13 10 4 0 
0 0 0 9 11 2 0 0 0 0 5 14 8 1 0 0 0 0 11 11 1 0 0 0 0 1 13 8 3 1 0 0 0 2 14 12 12 9 2 0 0 1 13 11 7 10 8 0 0 0 8 12 6 10 11 1 0 0 0 8 14 13 6 0 
0 0 1 10 9 1 0 0 0 0 7 14 6 1 0 0 0 1 13 8 1 0 0 0 0 2 14 7 4 2 0 0 0 2 14 13 12 11 3 0 0 1 14 9 4 8 10 0 0 0 10 12 4 10 11 0 0 0 1 10 14 13 5 0 
0 0 3 11 7 1 0 0 0 0 10 12 5 2 0 0 0 2 13 6 1 2 0 0 0 3 13 7 6 3 0 0 0 3 13 12 12 11 3 0 0 2 14 8 3 8 9 0 0 0 11 10 5 11 10 0 0 0 3 12 14 11 3 0 
0 0 4 12 9 2 0 0 0 1 12 10 7 6 0 0 0 4 13 3 3 8 1 0 0 4 13 6 6 7 3 0 0 3 11 8 8 10 5 0 0 2 12 4 2 9 8 0 0 0 11 8 6 13 7 0 0 0 4 13 14 9 1 0 
0 0 4 13 10 2 0 0 0 1 13 11 10 9 0 0 0 4 13 3 3 12 2 0 0 5 12 3 3 10 5 0 0 3 10 4 3 9 7 0 0 2 10 1 0 9 7 0 0 0 11 8 7 13 4 0 0 0 4 13 14 7 0 0 
0 0 5 12 10 2 0 0 0 1 13 12 12 10 0 0 0 3 14 4 3 13 3 0 0 5 12 2 1 9 6 0 0 4 10 1 1 9 6 0 0 3 11 1 1 12 5 0 0 1 12 10 10 12 2 0 0 0 5 13 12 4 0 0 
0 0 5 12 10 3 0 0 0 0 13 13 13 11 1 0 0 2 14 5 4 12 4 0 0 4 12 2 0 9 6 0 0 5 11 1 0 10 6 0 0 4 12 1 3 13 4 0 0 1 13 11 13 11 0 0 0 0 5 13 10 2 0 0 
0 0 0 7 11 2 0 0 0 0 3 13 8 2 3 0 0 1 10 11 2 7 5 0 0 5 14 7 6 13 6 0 0 7 14 12 13 14 5 0 0 3 7 8 14 10 1 0 0 0 1 6 14 3 0 0 0 0 0 9 11 1 0 0 
0 0 0 5 12 4 0 0 0 0 3 12 9 4 3 0 0 1 9 11 4 7 4 0 0 4 14 9 8 12 5 0 0 5 13 11 13 14 4 0 0 2 5 6 14 11 1 0 0 0 1 5 14 6 0 0 0 0 0 6 11 3 0 0 
0 0 0 4 12 7 0 0 0 0 2 10 12 8 1 0 0 1 8 12 9 8 1 0 0 3 13 11 10 9 2 0 0 3 10 9 14 11 2 0 0 1 4 6 12 11 2 0 0 0 2 5 12 10 3 0 0 0 0 4 12 9 2 0 
0 0 0 7 12 5 0 0 0 0 3 12 12 7 0 0 0 0 9 12 8 5 0 0 0 2 13 11 10 6 0 0 0 2 11 11 13 10 1 0 0 0 8 8 9 10 5 0 0 0 5 9 9 11 6 0 0 0 0 6 13 12 4 0 
0 0 1 10 11 3 0 0 0 0 7 13 10 5 0 0 0 1 11 10 5 3 0 0 0 2 12 11 10 4 0 0 0 2 12 13 13 10 2 0 0 1 12 8 5 9 7 0 0 0 8 10 6 11 8 0 0 0 1 9 14 12 4 0 
0 0 3 11 11 3 0 0 0 1 11 11 8 7 1 0 0 2 13 7 5 6 0 0 0 2 11 12 11 6 0 0 0 1 11 13 12 9 2 0 0 1 12 6 3 9 6 0 0 0 11 8 5 12 7 0 0 0 3 12 14 10 2 0 
0 0 5 12 11 4 0 0 0 2 14 9 8 10 1 0 0 4 13 3 5 11 2 0 0 2 11 11 12 9 1 0 0 1 9 12 11 10 3 0 0 1 9 4 3 10 5 0 0 1 11 7 5 13 5 0 0 0 5 13 13 9 1 0 
0 0 5 12 11 4 0 0 0 2 14 9 10 11 1 0 0 5 12 2 5 13 3 0 0 3 12 8 9 12 3 0 0 1 8 9 9 11 4 0 0 1 5 2 2 11 5 0 0 0 8 7 7 13 4 0 0 0 5 13 13 7 0 0 
0 0 4 11 11 5 1 0 0 1 13 11 11 12 3 0 0 4 13 4 5 13 4 0 0 4 11 5 6 12 5 0 0 2 7 5 5 12 5 0 0 1 6 1 4 12 4 0 0 0 8 8 11 11 1 0 0 0 4 12 11 4 0 0 
0 0 4 10 11 7 2 0 0 0 12 12 11 12 4 0 0 2 13 5 5 12 6 0 0 3 10 4 4 11 6 0 0 3 7 2 2 12 5 0 0 2 7 1 5 13 2 0 0 1 8 9 13 9 0 0 0 0 4 11 10 2 0 0 
0 0 3 10 12 6 1 0 0 2 9 14 9 6 3 0 0 4 13 7 1 4 2 0 0 6 14 9 6 8 3 0 0 3 11 13 13 9 2 0 0 0 2 6 14 7 0 0 0 0 2 8 13 4 0 0 0 0 4 12 9 1 0 0 
0 0 2 6 12 8 1 0 0 1 5 11 11 8 3 0 0 2 10 9 6 8 2 0 0 5 13 11 10 10 3 0 0 3 9 10 13 11 2 0 0 0 1 4 13 9 0 0 0 0 1 5 13 7 0 0 0 0 2 7 10 5 0 0 
0 0 0 3 11 9 1 0 0 0 2 8 14 12 2 0 0 1 7 12 13 11 1 0 0 4 12 13 14 11 1 0 0 3 8 8 14 11 1 0 0 0 1 4 14 11 1 0 0 0 0 4 14 11 1 0 0 0 0 3 11 10 2 0 
0 0 0 5 12 7 0 0 0 0 3 10 14 11 0 0 0 1 7 13 14 9 0 0 0 3 11 14 14 9 0 0 0 2 8 11 14 9 0 0 0 0 4 8 13 10 1 0 0 0 2 7 14 12 2 0 0 0 0 5 12 11 2 0 
0 0 2 10 12 5 0 0 0 0 7 13 13 9 0 0 0 1 9 12 12 8 0 0 0 1 10 14 14 7 0 0 0 1 9 14 14 7 0 0 0 0 8 10 11 9 1 0 0 0 7 11 12 11 2 0 0 0 2 9 13 9 2 0 
0 0 4 12 12 5 0 0 0 1 11 11 10 11 1 0 0 2 11 8 9 10 1 0 0 1 10 14 14 7 0 0 0 0 9 14 13 7 0 0 0 1 11 8 8 10 2 0 0 1 11 9 7 13 3 0 0 0 4 12 13 9 1 0 
0 0 5 12 13 6 0 0 0 2 14 9 8 13 3 0 0 4 12 4 6 12 2 0 0 1 10 13 14 9 1 0 0 0 8 13 13 7 1 0 0 1 10 6 6 11 2 0 0 1 11 7 6 13 3 0 0 0 5 13 13 8 0 0 
0 0 5 12 12 7 0 0 0 2 14 10 9 13 3 0 0 4 12 2 5 14 3 0 0 2 11 10 12 11 2 0 0 0 6 11 12 10 2 0 0 0 5 4 6 11 3 0 0 0 8 8 8 12 2 0 0 0 5 13 12 6 0 0 
0 0 3 10 12 9 3 0 0 1 12 11 9 12 6 0 0 3 11 4 6 13 6 0 0 2 9 8 10 13 4 0 0 0 4 7 9 12 3 0 0 0 2 3 8 10 2 0 0 0 3 8 11 7 1 0 0 0 3 11 9 3 0 0 
0 0 2 8 12 12 6 0 0 0 10 12 9 12 9 1 0 2 11 5 6 13 8 0 0 2 7 7 8 13 6 0 0 0 3 5 7 13 3 0 0 0 2 2 9 10 1 0 0 0 2 7 12 5 0 0 0 0 2 10 9 1 0 0 
0 0 7 12 13 10 2 0 0 3 13 13 10 8 2 0 0 5 13 6 1 1 0 0 0 5 14 11 5 2 0 0 0 1 8 11 11 4 0 0 0 0 0 4 12 6 0 0 0 0 5 9 13 5 0 0 0 0 8 14 9 2 0 0 
0 0 5 10 12 10 2 0 0 2 10 12 11 9 2 0 0 4 12 8 4 4 0 0 0 4 13 11 8 5 1 0 0 1 7 9 12 7 0 0 0 0 0 3 12 8 0 0 0 0 3 7 13 7 0 0 0 0 6 11 9 3 0 0 
0 0 2 6 12 9 1 0 0 1 5 10 14 11 1 0 0 2 8 11 12 9 0 0 0 3 11 12 13 9 1 0 0 1 6 8 14 10 1 0 0 0 1 4 13 10 1 0 0 0 2 6 14 10 1 0 0 0 2 6 11 8 1 0 
0 0 2 8 12 6 0 0 0 0 5 12 15 11 0 0 0 1 7 13 15 10 0 0 0 1 9 14 15 9 0 0 0 1 7 12 15 8 0 0 0 0 4 10 14 9 0 0 0 0 4 10 14 11 1 0 0 0 2 8 12 8 1 0 
0 0 4 11 12 5 0 0 0 0 8 14 14 10 0 0 0 1 8 13 14 9 0 0 0 0 9 15 15 7 0 0 0 0 9 15 15 6 0 0 0 0 9 13 14 8 0 0 0 0 8 13 14 10 1 0 0 0 4 11 12 7 1 0 
0 0 5 12 12 6 0 0 0 1 11 12 12 12 2 0 0 2 10 10 10 11 1 0 0 1 9 14 14 7 0 0 0 0 9 15 14 5 0 0 0 1 11 10 12 8 0 0 0 1 11 10 11 11 1 0 0 0 5 12 13 7 0 0 
0 0 5 12 13 7 0 0 0 2 13 10 9 13 3 0 0 3 12 5 6 12 3 0 0 1 10 13 14 8 1 0 0 0 7 14 13 5 0 0 0 1 10 8 10 9 0 0 0 1 12 8 8 12 2 0 0 0 6 13 13 7 0 0 
0 0 4 12 13 8 1 0 0 2 13 10 8 13 4 0 0 4 12 3 5 13 4 0 0 2 10 11 13 11 2 0 0 0 5 12 13 7 1 0 0 0 6 8 10 8 1 0 0 0 8 10 9 9 1 0 0 0 5 13 10 5 0 0 
0 0 3 11 13 11 4 0 0 1 11 11 8 13 8 0 0 3 8 2 5 13 7 0 0 1 7 8 11 13 4 0 0 0 4 9 13 11 2 0 0 0 2 6 11 6 0 0 0 0 2 10 10 4 0 0 0 0 3 12 6 1 0 0 
0 0 2 10 13 13 7 1 0 0 9 11 9 12 10 1 0 1 6 2 4 12 8 0 0 1 4 6 9 13 5 0 0 0 4 9 12 13 3 0 0 0 2 6 12 6 0 0 0 0 1 10 10 2 0 0 0 0 3 12 5 0 0 0 
0 0 8 13 13 11 3 0 0 3 14 13 9 7 2 0 0 4 14 6 1 0 0 0 0 4 14 12 8 2 0 0 0 1 7 8 11 6 0 0 0 0 0 2 8 9 1 0 0 0 5 7 12 8 0 0 0 0 9 14 10 2 0 0 
0 0 7 12 13 10 3 0 0 2 13 12 10 8 2 0 0 3 12 7 3 2 0 0 0 3 12 12 10 3 0 0 0 1 5 7 11 8 1 0 0 0 0 1 8 10 1 0 0 0 5 8 13 8 0 0 0 0 8 13 9 2 0 0 
0 0 6 11 12 8 1 0 0 2 11 12 13 10 1 0 0 2 7 9 10 7 0 0 0 1 7 12 13 6 0 0 0 0 3 6 12 11 1 0 0 0 0 2 9 12 2 0 0 0 4 9 13 10 1 0 0 0 7 12 9 3 0 0 
0 0 6 12 12 6 0 0 0 2 9 12 13 11 1 0 0 1 5 10 13 9 0 0 0 0 5 13 14 6 0 0 0 0 4 10 14 9 0 0 0 0 3 7 11 11 2 0 0 0 6 10 13 11 1 0 0 0 7 12 11 5 0 0 
0 0 6 12 12 6 0 0 0 1 9 13 13 11 1 0 0 0 6 11 13 10 0 0 0 0 6 14 14 6 0 0 0 0 7 14 14 5 0 0 0 0 7 10 13 8 0 0 0 1 9 11 13 9 1 0 0 0 6 12 12 5 0 0 
0 0 6 12 13 7 0 0 0 1 11 12 11 12 2 0 0 1 9 9 10 10 2 0 0 0 7 13 14 6 0 0 0 0 8 15 12 3 0 0 0 1 11 9 12 5 0 0 0 1 12 9 12 8 0 0 0 0 6 13 13 5 0 0 
0 0 6 12 12 7 1 0 0 2 13 9 8 12 3 0 0 3 11 5 7 12 3 0 0 1 10 12 13 7 1 0 0 0 7 14 11 2 0 0 0 0 10 9 11 4 0 0 0 1 12 8 10 7 0 0 0 0 7 13 11 4 0 0 
0 0 5 12 11 7 2 0 0 2 13 9 7 12 5 0 0 3 11 3 5 13 4 0 0 2 10 10 13 10 2 0 0 0 6 13 13 5 0 0 0 0 6 10 11 3 0 0 0 0 8 11 8 4 0 0 0 0 6 13 7 2 0 0 
0 0 4 12 13 11 6 0 0 1 10 10 8 13 8 0 0 1 5 1 4 13 5 0 0 1 5 7 12 13 4 0 0 0 6 12 14 10 2 0 0 0 3 10 12 3 0 0 0 0 3 13 7 1 0 0 0 0 6 13 3 0 0 0 
0 0 4 12 14 13 8 1 0 0 8 10 9 13 9 1 0 0 2 0 3 13 6 0 0 0 3 5 11 13 4 0 0 1 7 13 15 12 4 0 0 0 3 10 12 3 0 0 0 0 2 13 7 0 0 0 0 0 5 13 2 0 0 0 
0 0 7 12 13 11 3 0 0 2 14 11 8 7 2 0 0 3 14 6 2 1 0 0 0 4 14 13 12 6 0 0 0 1 6 5 8 11 2 0 0 0 0 0 4 12 3 0 0 0 6 6 10 11 1 0 0 0 8 14 11 3 0 0 
0 0 8 13 13 9 2 0 0 2 13 11 10 8 1 0 0 2 10 6 5 3 0 0 0 2 10 13 13 6 0 0 0 0 4 5 10 12 2 0 0 0 0 0 4 12 4 0 0 0 6 7 11 11 2 0 0 0 8 14 10 4 0 0 
0 0 8 13 13 6 1 0 0 3 12 10 12 10 1 0 0 1 4 5 11 7 0 0 0 0 4 11 14 5 0 0 0 0 2 6 12 12 2 0 0 0 0 0 4 13 5 0 0 0 7 8 11 13 3 0 0 0 9 14 10 4 0 0 
0 1 9 13 13 6 0 0 0 4 12 9 12 11 1 0 0 1 2 5 12 8 0 0 0 0 2 12 13 4 0 0 0 0 2 9 13 9 1 0 0 0 1 2 6 13 4 0 0 0 6 7 10 13 3 0 0 0 10 14 11 5 0 0 
0 0 8 13 13 6 0 0 0 3 12 10 11 11 2 0 0 1 4 6 12 9 0 0 0 0 3 12 12 3 0 0 0 0 4 12 12 4 0 0 0 0 4 5 9 9 2 0 0 1 8 7 10 11 2 0 0 0 9 14 12 6 1 0 
0 0 7 13 13 6 0 0 0 2 12 9 10 12 2 0 0 2 7 6 11 9 1 0 0 0 5 11 12 3 0 0 0 0 6 14 9 1 0 0 0 0 9 8 9 3 0 0 0 1 11 8 10 7 1 0 0 0 8 14 12 6 1 0 
0 0 7 13 11 6 0 0 0 3 13 8 8 11 3 0 0 3 10 4 8 10 2 0 0 1 8 11 12 5 0 0 0 0 7 14 9 1 0 0 0 0 10 10 9 1 0 0 0 1 12 8 9 4 0 0 0 0 8 13 10 3 0 0 
0 0 8 12 10 7 2 0 0 3 13 8 7 11 5 0 0 4 10 3 6 12 3 0 0 2 10 10 12 8 2 0 0 0 8 13 11 4 1 0 0 0 6 12 9 1 0 0 0 0 9 11 6 1 0 0 0 0 9 12 5 1 0 0 
0 0 7 13 13 11 5 0 0 1 10 10 9 13 7 0 0 1 4 1 6 13 3 0 0 1 6 8 13 12 3 0 0 1 9 14 14 10 3 0 0 0 3 12 9 2 0 0 0 0 5 14 4 0 0 0 0 0 9 11 1 0 0 0 
0 0 7 13 14 13 6 0 0 0 8 10 10 14 7 0 0 0 1 0 5 13 3 0 0 0 4 7 13 12 3 0 0 1 10 14 15 13 5 0 0 0 3 12 10 3 0 0 0 0 4 14 4 0 0 0 0 0 8 11 1 0 0 0 
0 0 7 12 13 9 2 0 0 2 14 10 8 8 1 0 0 3 13 5 5 5 0 0 0 3 12 13 13 10 1 0 0 0 3 3 5 13 4 0 0 0 0 0 1 12 5 0 0 0 7 6 8 13 3 0 0 0 7 14 12 6 0 0 
0 0 8 13 13 7 1 0 0 3 13 10 10 9 1 0 0 2 9 5 7 7 0 0 0 1 7 12 14 9 1 0 0 0 2 4 7 13 3 0 0 0 0 0 1 12 6 0 0 1 8 6 8 13 4 0 0 0 8 14 13 7 0 0 
0 0 9 14 12 4 0 0 0 4 13 9 11 10 0 0 0 1 3 4 11 8 0 0 0 0 2 10 14 6 0 0 0 0 1 6 11 13 2 0 0 0 0 0 2 12 7 0 0 1 8 6 8 14 5 0 0 0 9 14 13 7 1 0 
0 1 9 14 12 4 0 0 0 4 13 9 12 9 1 0 0 1 3 4 12 7 0 0 0 0 2 11 13 4 0 0 0 0 2 8 13 10 1 0 0 0 0 1 4 12 5 0 0 1 7 6 8 13 5 0 0 0 10 14 13 7 1 0 
0 0 8 13 12 4 0 0 0 4 13 9 12 9 1 0 0 2 4 4 12 7 0 0 0 0 2 9 12 2 0 0 0 0 2 10 12 4 0 0 0 0 3 5 6 8 2 0 0 1 8 8 8 12 5 0 0 0 9 14 13 9 3 0 
0 0 8 13 12 4 0 0 0 3 13 10 12 9 1 0 0 2 6 3 12 7 0 0 0 0 2 8 12 2 0 0 0 0 3 12 9 1 0 0 0 0 7 10 5 3 0 0 0 1 11 10 9 9 3 0 0 0 8 14 13 9 3 0 
0 0 8 13 11 4 0 0 0 4 14 10 10 8 2 0 0 3 9 4 10 7 1 0 0 1 6 9 11 3 0 0 0 0 5 13 8 0 0 0 0 0 9 12 6 1 0 0 0 1 12 11 9 5 2 0 0 0 9 13 10 6 2 0 
0 1 9 13 10 6 1 0 0 4 13 10 9 10 3 0 0 4 10 4 8 9 2 0 0 2 9 10 11 6 1 0 0 0 8 14 9 3 1 0 0 0 8 13 6 0 0 0 0 1 10 13 6 1 0 0 0 0 11 12 5 1 0 0 
0 0 9 14 13 9 2 0 0 2 10 10 11 12 4 0 0 1 4 2 9 11 1 0 0 1 7 9 13 9 3 0 0 1 10 14 13 9 3 0 0 0 5 14 8 2 0 0 0 0 7 14 3 0 0 0 0 0 11 10 1 0 0 0 
0 0 9 14 14 11 3 0 0 0 9 10 12 13 4 0 0 0 1 0 9 11 1 0 0 0 5 8 14 11 3 0 0 2 11 15 15 13 5 0 0 0 4 14 9 3 0 0 0 0 6 14 2 0 0 0 0 0 10 9 0 0 0 0 
0 0 6 13 12 5 0 0 0 2 14 10 10 9 1 0 0 3 13 5 8 10 1 0 0 1 10 12 13 13 3 0 0 0 1 3 4 13 5 0 0 0 0 0 0 11 7 0 0 1 8 5 6 13 6 0 0 0 7 13 14 9 1 0 
0 0 7 13 12 4 0 0 0 3 13 10 10 9 1 0 0 2 9 6 9 10 1 0 0 0 6 10 13 12 2 0 0 0 1 3 6 13 5 0 0 0 0 0 0 10 8 0 0 0 8 6 6 13 7 0 0 0 7 14 14 10 2 0 
0 0 8 13 12 4 0 0 0 4 12 10 11 10 0 0 0 1 5 4 10 10 0 0 0 0 1 8 13 9 0 0 0 0 0 4 9 13 3 0 0 0 0 0 2 10 8 0 0 0 8 6 7 13 8 0 0 0 8 14 14 10 3 0 
0 0 8 14 11 3 0 0 0 4 13 10 12 8 0 0 0 2 5 3 10 8 0 0 0 0 1 6 12 7 0 0 0 0 0 5 12 10 1 0 0 0 0 3 6 9 5 0 0 0 7 9 8 12 7 0 0 0 9 14 13 10 4 0 
0 0 9 14 10 2 0 0 0 4 13 11 13 6 0 0 0 3 6 3 12 6 0 0 0 0 2 4 12 4 0 0 0 0 0 7 12 3 0 0 0 0 2 8 8 4 1 0 0 0 9 12 10 11 6 0 0 0 9 14 13 11 7 1 
0 0 10 14 8 1 0 0 0 4 14 12 12 4 0 0 0 3 7 3 12 4 0 0 0 0 1 5 12 2 0 0 0 0 1 10 10 0 0 0 0 0 5 12 6 1 0 0 0 1 12 13 10 10 6 0 0 1 10 14 13 12 7 0 
0 1 10 13 7 1 0 0 0 5 14 12 11 3 0 0 0 4 7 6 11 3 0 0 0 1 3 8 11 1 0 0 0 0 3 12 7 0 0 0 0 0 7 12 4 0 0 0 0 2 13 13 10 9 5 0 0 1 11 14 13 10 6 0 
0 0 8 13 9 3 0 0 0 3 12 13 11 4 1 0 0 4 8 8 11 3 0 0 0 1 7 11 10 2 0 0 0 0 6 14 7 1 0 0 0 0 8 13 5 0 0 0 0 1 10 14 9 5 2 0 0 0 9 13 9 5 2 0 
0 0 6 13 12 5 0 0 0 1 9 12 13 7 1 0 0 1 6 7 12 5 0 0 0 1 7 12 12 5 1 0 0 1 9 15 11 6 2 0 0 0 7 14 8 2 0 0 0 0 7 14 6 1 0 0 0 0 7 10 5 1 0 0 
0 0 8 14 13 6 1 0 0 1 9 11 13 9 1 0 0 0 3 4 12 8 0 0 0 1 5 10 14 7 2 0 0 2 11 15 14 11 5 0 0 1 6 14 9 3 1 0 0 0 7 13 4 0 0 0 0 0 9 9 2 0 0 0 
0 0 7 13 10 2 0 0 0 2 14 10 12 8 0 0 0 4 13 5 9 12 1 0 0 1 10 12 13 14 3 0 0 0 1 3 4 12 6 0 0 0 0 0 0 10 8 0 0 0 7 5 5 12 8 0 0 0 7 13 14 11 3 0 
0 0 7 13 11 3 0 0 0 2 12 11 11 8 0 0 0 2 10 7 10 11 1 0 0 0 6 10 12 13 2 0 0 0 0 2 5 12 6 0 0 0 0 0 0 9 9 0 0 0 7 5 5 12 9 0 0 0 6 13 14 12 4 0 
0 0 7 13 12 3 0 0 0 2 12 11 11 9 0 0 0 2 7 5 9 11 1 0 0 0 2 6 11 11 1 0 0 0 0 2 7 12 4 0 0 0 0 1 3 8 7 0 0 0 8 8 7 12 9 0 0 0 7 13 14 11 5 1 
0 0 8 14 10 2 0 0 0 3 13 11 12 7 0 0 0 3 7 3 9 9 0 0 0 0 2 2 10 9 0 0 0 0 0 2 11 8 1 0 0 0 0 5 9 5 3 0 0 0 8 12 11 11 8 0 0 0 8 14 13 11 8 2 
0 0 9 14 7 0 0 0 0 4 14 12 13 4 0 0 0 4 8 2 11 6 0 0 0 1 2 2 12 5 0 0 0 0 0 4 13 3 0 0 0 0 1 9 10 2 0 0 0 0 9 14 12 11 7 0 0 0 10 14 13 12 10 1 
0 1 11 14 5 0 0 0 0 5 14 13 12 1 0 0 0 4 8 4 13 3 0 0 0 1 2 4 12 2 0 0 0 0 0 8 11 0 0 0 0 0 3 12 7 0 0 0 0 1 12 15 12 11 7 0 0 1 11 14 13 13 9 1 
0 1 11 13 5 0 0 0 0 5 14 13 10 1 0 0 0 4 8 7 11 1 0 0 0 1 2 8 10 0 0 0 0 0 2 11 7 0 0 0 0 0 6 12 4 0 0 0 0 2 13 14 12 11 6 0 0 1 11 14 13 12 7 0 
0 0 7 13 8 1 0 0 0 2 10 14 12 2 0 0 0 3 8 11 12 1 0 0 0 1 6 12 10 0 0 0 0 0 5 14 7 0 0 0 0 0 7 13 6 1 0 0 0 1 10 14 11 7 3 0 0 0 7 13 12 7 3 0 
0 0 3 13 11 2 0 0 0 0 7 14 14 4 0 0 0 1 8 13 13 2 0 0 0 2 8 14 11 1 0 0 0 1 8 15 10 2 0 0 0 0 7 14 9 1 0 0 0 0 6 14 10 2 0 0 0 0 3 12 10 3 0 0 
0 0 5 13 12 3 0 0 0 0 8 13 14 5 0 0 0 1 6 9 13 4 0 0 0 1 7 12 13 3 0 0 0 1 9 15 12 6 2 0 0 0 7 14 10 2 0 0 0 0 6 14 8 1 0 0 0 0 5 11 7 1 0 0 
