1 neuron/ class
	0.903728
	0.911519
	0.90985
	0.903728
	0.907067
	0.913189
	0.904285
	0.909293
	0.910406
	0.914302

	3 neuron/ class
	0.96049
	0.951029
	0.957707
	0.956038
	0.957151
	0.950473
	0.95882
	0.956038
	0.956038
	0.958264

	4 neuron/ class
	0.962716
	0.965498
	0.957151
	0.964385
	0.964942
	0.963829
	0.961603
	0.96049
	0.963829
	0.962716

	6 neuron/ class
	0.971619
	0.967167
	0.967167
	0.971063
	0.969393
	0.970506
	0.967724
	0.967167
	0.967724
	0.967724

	9 neuron/ class
	0.972176
	0.971619
	0.978297
	0.980523
	0.975515
	0.976628
	0.974402
	0.96995
	0.972176
	0.974402

	20 neuron/ class
	0.980523
	0.983862
	0.98108
	0.981636
	0.981636
	0.981636
	0.979967
	0.982193
	0.980523
	0.981636

	100 neuron/ class
	0.985531
	0.984418
	0.986088
	0.988314
	0.985531
	0.983862
	0.984975
	0.984418
	0.983306
	0.986088
